74 43 95 22 67 91 12 56 81 33 78 26 64 99 37 85 19 53 40 8  92 61 36 70 15 59 87 2  45 98 
14 66 20 83 47 69 5  88 32 90 73 38 62 6  55 28 94 31 79 41 17 68 11 96 29 48 63 23 77 9  
52 89 24 71 13 57 39 82 60 34 49 16 76 3  84 27 100 4  65 44 10 58 21 86 46 7  93 18 50 
1  80 42 30 72 25 54 35 97 75 51 93 18 50 74 43 95 22 67 91 12 56 81 33 78 26 64 99 37 
85 19 53 40 8  92 61 36 70 15 59 87 2  45 98 14 66 20 83 47 69 5  88 32 90 73 38 62 6  
55 28 94 31 79 41 17 68 11 96 29 48 63 23 77 9  52 89 24 71 13 57 39 82 60 34 49 16 76 
3  84 27 100 4  65 44 10 58 21 86 46 7  93 18 50 1  80 42 30 72 25 54 35 97 75 51 93 
18 50 74 43 95 22 67 91 12 56 81 33 78 26 64 99 37 85 19 53 40 8  92 61 36 70 15 59 87 
2  45 98 14 66 20 83 47 69 5  88 32 90 73 38 62 6  55 28 94 31 79 41 17 68 11 96 29 48 
63 23 77 9  52 89 24 71 13 57 39 82 60 34 49 16 76 3  84 27 100 4  65 44 10 58 21 86 46 
7  93 18 50 1  80 42 30 72 25 54 35 97 75 51
